dequed: 784
queue=
216
dequed: 216
queue=
580  868
dequed: 868
queue=
592  397  580
dequed: 580
queue=
404  614  592  397
dequed: 397
queue=
400  986  404  614  592
dequed: 592
queue=
996  757  400  986  404  614
dequed: 614
queue=
925  559  996  757  400  986  404
dequed: 404
queue=
527  841  925  559  996  757  400  986
dequed: 986
queue=
477  525  527  841  925  559  996  757  400
dequed: 400
queue=
736  393  477  525  527  841  925  559  996  757
dequed: 757
queue=
544  619  736  393  477  525  527  841  925  559  996
dequed: 996
queue=
280  14  544  619  736  393  477  525  527  841  925  559
dequed: 559
queue=
198  457  280  14  544  619  736  393  477  525  527  841  925
dequed: 925
queue=
803  19  198  457  280  14  544  619  736  393  477  525  527  841
dequed: 841
queue=
733  485  803  19  198  457  280  14  544  619  736  393  477  525  527
dequed: 527
queue=
348  912  733  485  803  19  198  457  280  14  544  619  736  393  477  525
dequed: 525
queue=
334  209  348  912  733  485  803  19  198  457  280  14  544  619  736  393  477
dequed: 477
queue=
4  422  334  209  348  912  733  485  803  19  198  457  280  14  544  619  736  393
dequed: 393
queue=
799  873  4  422  334  209  348  912  733  485  803  19  198  457  280  14  544  619  736
dequed: 736
queue=
403  143  799  873  4  422  334  209  348  912  733  485  803  19  198  457  280  14  544  619
dequed: 619
queue=
796  689  403  143  799  873  4  422  334  209  348  912  733  485  803  19  198  457  280  14  544
queue as it is now:
